Viikko\Tunti;0;1;2;3;4;5;6;7;8;9;10;11;12;13;14;15;16;17;18;19;20;21;22;23;YHT
Vko 0;28.9;19.1;19.4;20.5;18.6;20.6;18.9;21.0;16.6;16.6;15.7;17.0;20.4;24.3;23.2;28.6;34.9;39.3;40.1;38.7;33.5;20.0;35.8;30.4;602.0
Vko 1;96.4;78.9;67.3;66.5;63.9;67.3;77.0;86.6;154.8;134.0;140.2;120.5;127.4;143.9;138.0;155.9;148.9;154.4;174.8;174.0;147.9;127.9;175.7;151.8;2974.1
Vko 2;150.3;119.3;110.1;97.7;98.1;103.3;150.9;190.7;240.4;198.2;219.5;226.2;241.8;242.2;243.6;204.2;246.0;278.3;326.0;286.3;250.0;219.5;223.6;192.8;4858.9
Vko 3;104.0;72.5;61.8;58.0;55.8;61.0;76.0;137.1;170.4;117.3;113.7;121.1;114.0;113.9;111.5;116.2;116.9;144.9;142.6;136.8;110.8;102.7;152.4;133.1;2644.5
Vko 4;94.2;83.7;66.1;59.6;56.9;56.2;66.3;112.4;166.9;143.6;143.8;148.2;144.9;133.1;108.5;92.2;99.7;109.2;128.2;150.1;143.6;134.7;179.2;157.3;2778.6
Vko 5;139.2;103.4;98.1;96.9;94.3;99.7;133.6;205.7;350.6;307.0;264.7;240.4;146.5;148.3;152.7;163.7;168.5;213.8;305.6;243.1;165.8;154.6;191.5;184.7;4372.6
Vko 6;151.6;134.7;120.6;116.2;113.4;113.5;149.8;226.9;363.6;335.8;309.6;242.6;189.9;163.7;161.2;156.0;175.5;208.0;303.3;292.0;236.2;211.4;247.5;214.0;4937.2
Vko 7;137.3;139.1;120.0;99.1;99.3;109.3;158.8;296.1;254.3;242.5;220.9;235.7;205.6;158.1;140.8;147.1;145.2;182.8;267.9;211.7;178.5;166.5;212.7;199.9;4329.2
Vko 8;101.0;83.2;69.9;61.6;59.7;59.4;71.0;104.7;127.5;103.6;106.2;111.3;86.8;84.5;73.7;77.0;87.3;78.2;101.8;98.1;84.3;83.3;127.8;123.2;2165.2
Vko 9;95.3;74.1;68.1;58.0;61.6;59.7;82.8;90.8;101.9;126.0;129.0;120.1;106.2;87.6;82.2;71.7;73.1;79.7;102.7;108.2;92.0;98.5;144.6;133.5;2247.1
Vko 10;111.9;88.3;74.9;62.9;62.6;74.2;103.2;135.0;186.1;199.8;160.4;130.9;133.3;135.8;115.9;102.6;108.4;104.8;117.5;159.5;139.0;112.6;144.5;135.8;2899.9
Vko 11;108.7;84.4;67.7;58.4;52.4;59.7;81.9;120.1;135.4;141.2;133.2;112.4;108.4;92.8;80.1;72.5;70.9;76.3;95.5;133.0;113.0;92.7;137.8;133.8;2362.2
Vko 12;59.9;48.6;38.7;32.7;36.6;42.7;61.9;90.9;150.7;119.4;81.4;83.7;64.8;54.9;52.8;46.8;46.0;58.5;64.3;76.3;62.7;49.9;71.1;68.5;1563.9
Vko 13;51.8;42.1;33.7;29.2;30.7;31.0;37.2;55.8;79.2;63.3;68.2;60.1;53.5;50.7;36.9;24.3;23.5;31.4;31.9;39.0;46.9;37.8;34.4;51.5;1043.9
Vko 14;60.6;58.6;41.1;36.1;37.1;36.4;40.6;62.5;114.1;88.8;70.8;65.7;73.3;62.5;55.7;41.2;31.6;36.5;41.7;46.4;61.3;54.1;56.8;83.2;1356.4
Vko 15;71.0;46.4;28.9;29.1;33.5;42.8;53.1;95.6;147.7;155.7;98.8;78.4;64.2;59.2;45.6;32.2;31.8;41.7;48.3;52.1;58.6;55.1;59.6;98.7;1528.2
Vko 16;54.2;38.3;25.4;25.1;28.0;31.4;37.4;77.3;97.4;95.6;72.8;76.8;56.0;44.9;37.0;23.4;24.6;30.6;40.0;53.4;56.9;43.6;44.9;72.3;1187.7
Vko 17;122.1;111.0;72.4;71.9;74.8;74.4;80.4;122.3;148.9;156.4;131.9;108.6;93.1;83.9;76.0;60.5;55.1;70.1;70.7;85.1;94.4;94.2;100.4;147.6;2306.4
Vko 18;138.5;105.9;67.1;59.4;61.7;64.2;67.4;101.6;125.4;103.3;92.6;79.5;79.8;91.3;77.9;74.9;65.5;54.4;65.8;96.0;111.1;97.2;99.6;159.8;2139.9
Vko 19;45.6;29.1;21.3;17.0;16.1;14.4;17.6;29.2;33.7;31.1;29.9;25.5;25.3;25.6;28.2;21.7;18.2;22.2;22.6;24.8;34.4;23.0;28.0;60.0;644.4
Vko 20;56.6;26.1;12.1;10.7;9.2;14.0;21.7;43.3;64.9;47.6;58.8;48.4;45.5;38.7;49.4;27.1;23.4;24.4;33.2;51.3;62.7;47.5;52.6;117.4;986.7
Vko 21;92.4;54.4;44.9;42.5;33.4;29.5;35.8;54.1;69.3;71.3;54.7;52.1;65.6;55.9;39.0;30.7;31.8;33.8;41.3;64.3;59.5;45.5;50.0;106.6;1258.5
Vko 22;65.6;50.7;35.7;18.6;19.0;19.2;22.3;43.2;50.4;54.2;48.0;61.3;44.9;51.4;48.4;47.7;33.8;31.7;39.2;43.6;36.1;39.9;42.1;97.4;1044.1
Vko 23;70.8;47.6;32.3;17.5;17.7;15.6;16.0;30.4;33.1;30.9;31.5;61.3;52.3;31.1;35.9;35.8;22.8;20.3;24.4;30.7;29.2;22.8;29.4;80.4;820.0
Vko 24;59.9;46.7;41.7;19.4;13.6;12.5;19.5;27.4;31.3;42.5;31.1;28.5;41.1;28.4;26.3;30.7;33.0;23.3;19.4;21.7;26.1;30.9;37.6;104.9;797.6
Vko 25;53.2;34.7;28.1;15.3;11.4;11.2;21.1;37.9;36.1;52.4;39.1;46.0;57.4;55.4;48.7;45.2;36.6;31.4;33.0;49.6;47.8;33.2;43.5;90.3;958.8
Vko 26;86.9;34.1;25.6;18.1;17.0;24.0;25.7;40.7;57.0;55.1;63.4;48.5;63.0;57.8;57.2;72.2;46.7;51.0;43.4;48.9;68.0;72.9;79.7;143.8;1300.8
Vko 27;83.2;38.0;32.6;26.1;22.6;23.8;30.8;43.1;50.9;46.5;54.4;45.3;59.4;32.6;33.8;32.1;35.3;39.7;41.6;38.6;47.0;45.9;61.2;149.6;1114.2
Vko 28;59.0;21.1;15.3;13.8;13.9;14.5;16.7;19.3;21.8;27.8;26.5;25.1;23.7;21.8;20.3;21.4;29.1;32.0;29.6;30.7;31.1;27.1;46.3;155.7;743.7
Vko 29;58.3;23.4;13.8;13.7;14.6;14.6;16.0;19.4;20.5;24.1;32.5;29.7;34.7;31.4;26.4;37.4;42.2;36.4;49.8;29.9;27.2;25.4;38.0;132.9;792.3
Vko 30;67.6;29.9;14.2;14.3;14.0;14.0;18.7;26.6;32.5;31.1;31.0;30.5;25.9;26.3;42.3;27.5;23.6;27.2;38.1;25.2;27.8;39.2;51.8;149.0;828.2
Vko 31;36.8;13.2;12.5;14.3;17.1;17.4;17.6;17.7;14.1;14.3;14.0;15.1;14.7;14.7;14.5;14.5;14.9;15.1;16.1;16.3;17.9;13.8;25.1;96.9;478.7
Vko 32;43.9;13.9;13.2;13.4;12.8;13.2;13.7;15.9;18.6;20.9;20.1;18.2;17.3;16.7;16.0;15.7;15.7;16.6;18.3;18.5;19.0;16.4;29.1;113.6;530.7
Vko 33;60.4;31.6;28.5;19.4;16.4;16.8;16.3;20.7;27.8;36.4;36.7;34.8;25.2;26.8;23.3;21.6;27.0;22.1;21.8;29.6;27.7;38.7;53.8;120.5;783.6
Vko 34;66.2;47.1;49.9;36.4;30.2;29.0;29.5;42.7;49.4;59.8;55.7;66.6;75.2;56.0;50.9;44.2;37.3;46.5;42.0;46.7;52.9;47.0;55.4;102.5;1219.1
Vko 35;60.1;31.5;23.0;25.9;30.6;30.0;30.8;62.8;74.2;88.7;95.5;79.2;91.1;61.0;61.3;44.3;45.5;47.5;48.5;59.6;78.2;71.4;69.9;120.0;1430.7
Vko 36;62.4;27.9;31.5;34.2;34.5;32.7;28.9;37.3;50.4;64.8;56.1;53.2;48.0;31.7;28.6;28.7;29.5;25.6;27.7;30.4;33.2;34.1;61.1;151.2;1043.6
Vko 37;161.4;98.9;99.4;75.2;78.3;75.8;76.6;84.5;113.6;113.6;128.2;126.0;155.9;151.7;122.4;101.5;101.4;85.3;90.1;102.8;143.2;123.0;141.2;235.6;2785.4
Vko 38;101.7;66.2;54.9;56.0;56.5;59.2;65.6;85.4;97.7;118.3;126.8;103.1;98.8;77.7;75.5;63.6;68.9;71.8;76.6;89.9;107.4;92.1;83.5;172.2;2069.2
Vko 39;98.3;49.2;40.1;36.0;37.2;38.4;54.1;80.2;88.3;88.1;82.7;77.8;73.0;71.1;58.3;58.4;58.8;60.2;80.6;89.4;91.5;78.8;81.8;147.7;1720.1
Vko 40;54.5;26.9;23.3;20.3;16.7;19.8;26.9;60.5;74.4;71.6;70.2;67.2;58.4;56.0;50.9;48.8;50.5;60.1;75.8;77.3;68.9;58.6;69.3;114.2;1321.3
Vko 41;80.0;41.4;24.7;19.2;18.5;33.0;53.7;80.4;113.9;119.8;127.5;110.5;119.3;127.9;90.5;81.2;75.2;101.3;161.3;171.2;166.2;93.6;84.0;151.3;2245.5
Vko 42;88.2;36.3;23.5;23.9;28.7;29.2;46.3;85.3;119.8;111.8;131.4;133.1;111.3;90.1;83.8;73.1;75.3;92.3;124.2;177.5;155.5;85.8;85.3;141.5;2153.2
Vko 43;29.1;19.2;19.7;28.9;20.4;22.6;44.0;59.8;85.5;101.4;109.1;95.5;81.0;79.8;67.1;51.9;67.3;65.3;122.7;135.3;109.1;57.6;38.0;69.3;1579.6
Vko 44;22.7;14.0;10.1;12.4;11.1;11.8;28.1;79.3;105.7;84.7;90.0;75.6;82.6;101.3;82.2;81.9;93.8;133.9;172.6;111.8;91.3;53.2;76.7;36.7;1663.4
Vko 45;33.2;15.3;12.5;10.6;10.6;17.7;36.1;89.4;115.8;139.0;107.5;101.2;102.5;82.9;68.4;68.5;104.3;143.4;183.4;164.9;104.8;107.6;167.7;107.3;2094.8
Vko 46;25.9;17.8;15.0;14.2;13.8;14.5;41.8;99.3;92.1;98.2;101.1;125.3;136.0;127.8;115.0;113.5;116.6;124.8;125.5;99.6;71.6;70.5;109.0;72.6;1941.5
Vko 47;125.5;142.8;139.5;143.1;143.9;160.4;205.3;343.8;332.1;282.0;314.9;273.3;281.9;318.8;385.5;413.2;477.5;427.5;448.8;417.3;355.7;286.8;440.6;324.2;7184.4
Vko 48;320.8;284.2;262.3;239.6;239.2;251.2;312.1;448.6;484.1;481.7;496.3;597.0;630.1;544.3;503.6;582.6;742.7;753.8;844.8;739.8;601.9;465.9;619.9;504.3;11950.9
Vko 49;438.0;558.9;519.4;416.3;403.2;429.5;636.2;977.0;1120.5;981.3;939.4;911.7;894.8;863.8;823.7;1181.7;1292.1;1330.6;1235.0;1237.0;1141.3;677.8;810.8;566.9;20386.6
Vko 50;78.6;66.5;58.1;43.2;43.7;54.1;157.4;314.5;399.0;337.1;327.9;382.0;314.0;230.9;248.9;263.7;323.5;422.7;447.3;377.0;283.8;245.1;347.9;236.5;6003.4
Vko 51;459.0;423.2;362.1;317.3;303.7;378.5;488.9;625.9;838.6;881.6;945.1;1001.8;1002.0;866.0;940.7;1020.5;1079.7;1121.8;1187.6;1145.0;814.7;631.7;940.7;825.5;18601.8
Vko 52;157.3;131.4;118.8;107.1;105.9;122.7;154.8;171.2;236.2;270.7;249.5;246.6;253.0;241.8;231.3;238.5;290.6;281.6;278.0;236.5;211.6;164.9;236.9;202.8;4940.1
Vko 53;0.0;0.0;0.0;0.0;0.0;0.0;0.0;0.0;0.0;0.0;0.0;0.0;0.0;0.0;0.0;0.0;0.0;0.0;0.0;0.0;0.0;0.0;0.0;0.0;0.0
YHT;5280.2;4124.6;3510.7;3073.2;3014.3;3271.5;4375.1;6630.0;8285.3;7928.7;7700.2;7576.1;7314.9;6671.1;6411.7;6732.0;7317.7;7816.4;8712.7;8512.7;7430.9;5924.0;7628.1;8473.0;153714.8
